Options for the verification:
  Generating no trace
  Search order is breadth first
  Using conservative space optimisation
  Seed is 1642411831
  State space representation uses minimal constraint systems
  Using HashMap + Compress integers for discrete state storage
[2K
Verifying formula 1 at query.q:1
[2K -- Formula is satisfied.
c0:
[0]: (0,0) (2.431674330278877,0) (2.431674330278877,1)
[1]: (2.286190969797469,1) (2.406494044266038,0) (2.406494044266038,1)
[2]: (3.760877113684161,1) (3.760877113684161,0) (5.254124431573967,0) (5.254124431573967,1)
[3]: (3.443553391673653,1) (3.443553391673653,0) (5.670648310040722,0) (5.670648310040722,1)
[4]: (3.573519936161078,1) (3.573519936161078,0) (4.923573266378166,0) (4.923573266378166,2) (7.209872194041399,2) (7.209872194041399,6) (8.314434266980356,6) (8.314434266980356,3)
[5]: (2.232852829128906,3) (2.232852829128906,0) (4.057395305357788,0) (4.057395305357788,1)
[6]: (3.554300054005304,1) (3.554300054005304,0) (4.712512727011871,0) (4.712512727011871,2) (7.71251272701187,2) (7.71251272701187,5) (9.756536720246839,5) (9.756536720246839,0) (11.04931823671722,0) (11.04931823671722,2) (14.04931823671722,2) (14.04931823671722,5) (16.53543681455447,5) (16.53543681455447,0) (18.02307140503611,0) (18.02307140503611,2) (19.38141608965951,2) (19.38141608965951,6) (20.75440801207614,6) (20.75440801207614,3)
[7]: (2.195983789045549,3) (2.195983789045549,0) (2.92723251182943,0) (2.92723251182943,1)
[8]: (2.837995335463889,1) (2.837995335463889,0) (3.314024907516616,0) (3.314024907516616,7) (11.31402490751662,7) (11.31402490751662,4) (13.74631751324833,4) (13.74631751324833,0) (15.22274163671444,0) (15.22274163671444,2) (18.22274163671444,2) (18.22274163671444,5) (21.04983798101715,5) (21.08331106636182,0) (21.08331106636182,2) (24.08331106636182,2) (24.08331106636182,5) (27.17624531468858,5) (27.17624531468858,0) (27.7980360988921,0) (27.7980360988921,7) (35.7980360988921,7) (35.7980360988921,4) (38.93876966014886,4) (39.02237154323366,0) (39.02237154323366,7) (47.02237154323366,7) (47.02237154323366,4) (50.97519781758395,4) (50.97519781758395,0) (52.82892974263649,0) (52.82892974263649,2) (55.82892974263649,2) (55.82892974263649,5) (59.22988231887238,5) (59.22988231887238,0) (60.25542266211683,0) (60.25542266211683,7) (68.25542266211683,7) (68.25542266211683,4) (70.74514472051781,4) (70.74514472051781,0) (72.39635447127687,0) (72.39635447127687,2) (72.77678706437766,2) (72.77678706437766,6) (74.06031016125769,6) (74.06031016125769,3)
[9]: (3.284312676336283,3) (3.284312676336283,0) (3.597789210636722,0) (3.597789210636722,1)
[10]: (2.785022128522774,1) (2.785022128522774,0) (3.642608791719796,0) (3.642608791719796,7) (11.6426087917198,7) (11.6426087917198,4) (14.24162487093668,4) (14.24162487093668,0) (15.12010050310449,0) (15.12010050310449,1)
[11]: (2.632893906419632,1) (2.632893906419632,0) (3.089646408457722,0) (3.089646408457722,2) (4.679617444229891,2) (4.679617444229891,6) (5.964889645972113,6) (5.964889645972113,3)
[12]: (2.425330797563243,3) (2.425330797563243,0) (4.313309242025688,0) (4.313309242025688,2) (7.313309242025688,2) (7.313309242025688,5) (10.9827510795607,5) (10.9827510795607,0) (12.17429701485462,0) (12.17429701485462,1)
[13]: (3.838938572571117,1) (3.838938572571117,0) (7.966671535041488,0) (7.966671535041488,7) (15.96667153504149,7) (15.96667153504149,4) (18.93356750522508,4) (18.93356750522508,0) (20.10485962527003,0) (20.10485962527003,7) (28.10485962527003,7) (28.10485962527003,4) (31.08240004023384,4) (31.13026739788893,0) (31.13026739788893,2) (32.93174870147938,2) (32.93174870147938,6) (34.36007149403056,6) (34.36007149403056,3)
[14]: (3.696271744914962,3) (3.696271744914962,0) (4.694400918472051,0) (4.694400918472051,2) (6.213721860532283,2) (6.213721860532283,6) (7.37405716161553,6) (7.37405716161553,3)
[15]: (3.291148226916408,3) (3.291148226916408,0) (5.012091788261965,0) (5.012091788261965,2) (5.405796550265555,2) (5.405796550265555,6) (6.883230791374228,6) (6.883230791374228,3)
[16]: (3.683392064507135,3) (3.683392064507135,0) (5.608351003572025,0) (5.608351003572025,2) (8.608351003572025,2) (8.608351003572025,5) (10.92896386951548,5) (10.92896386951548,0) (11.28441607385718,0) (11.28441607385718,1)
[17]: (2.241353371855519,1) (2.241353371855519,0) (3.368119829633356,0) (3.368119829633356,2) (6.350375960939916,2) (6.350375960939916,6) (7.872712258991242,6) (7.872712258991242,3)
[18]: (3.436514350017436,3) (3.436514350017436,0) (4.519643166587226,0) (4.519643166587226,2) (6.244155330328192,2) (6.244155330328192,6) (7.868701704804915,6) (7.868701704804915,3)
[19]: (2.613660688835459,3) (2.694131997604869,0) (2.694131997604869,2) (5.694131997604869,2) (5.694131997604869,5) (9.00781286271515,5) (9.00781286271515,0) (10.1086733746397,0) (10.1086733746397,1)
[20]: (3.507344219781661,1) (3.507344219781661,0) (5.587361824203951,0) (5.587361824203951,2) (8.587361824203951,2) (8.587361824203951,5) (12.32573982726314,5) (12.32573982726314,0) (12.7523177129319,0) (12.7523177129319,1)
[21]: (2.941136727420357,1) (2.941136727420357,0) (3.552961817422394,0) (3.552961817422394,1)
[22]: (2.332274848301375,1) (2.362793481824086,0) (2.362793481824086,1)
[23]: (3.433457347124671,1) (3.433457347124671,0) (4.411686564514405,0) (4.411686564514405,7) (12.4116865645144,7) (12.4116865645144,4) (14.62956894488017,4) (14.62956894488017,0) (14.96192709807941,0) (14.96192709807941,1)
[24]: (3.016200083792566,1) (3.016200083792566,0) (4.179318466777426,0) (4.179318466777426,1)
[25]: (2.25151013124029,1) (2.366697220118983,0) (2.366697220118983,2) (4.644333899830354,2) (4.644333899830354,6) (5.943625620804225,6) (5.943625620804225,3)
[26]: (2.34873489688459,3) (2.34873489688459,0) (2.707954614142917,0) (2.707954614142917,2) (2.962717785034662,2) (2.962717785034662,6) (4.468496788844172,6) (4.468496788844172,3)
[27]: (3.720131609682495,3) (3.720131609682495,0) (4.160788391635999,0) (4.160788391635999,2) (4.951193641681085,2) (4.951193641681085,6) (6.830736421136429,6) (6.830736421136429,3)
[28]: (3.239548053204052,3) (3.239548053204052,0) (4.51806549871354,0) (4.51806549871354,2) (7.51806549871354,2) (7.51806549871354,5) (11.15175087466313,5) (11.15175087466313,0) (11.62252161915253,0) (11.62252161915253,2) (12.88478753121299,2) (12.88478753121299,6) (13.98006809267727,6) (13.98006809267727,3)
[29]: (3.917600179878946,3) (3.974124772840693,0) (3.974124772840693,2) (5.992739486960245,2) (5.992739486960245,6) (7.607833670426187,6) (7.607833670426187,3)
[30]: (3.025445704313212,3) (3.025445704313212,0) (4.222190823591005,0) (4.222190823591005,7) (12.22219082359101,7) (12.22219082359101,4) (15.22099011466913,4) (15.22099011466913,0) (15.6323290544116,0) (15.6323290544116,2) (18.37850871631417,2) (18.37850871631417,6) (20.16952511089076,6) (20.16952511089076,3)
[31]: (3.643254829432335,3) (3.849755271017901,0) (3.849755271017901,7) (11.8497552710179,7) (11.8497552710179,4) (14.95958310562504,4) (14.95958310562504,0) (15.45350427624692,0) (15.45350427624692,1)
[32]: (3.971157660393221,1) (4.215822654417549,0) (4.215822654417549,2) (5.34960326797539,2) (5.34960326797539,6) (6.625840402596616,6) (6.625840402596616,3)
[33]: (2.453597031781174,3) (2.453597031781174,0) (4.694356602760644,0) (4.694356602760644,7) (12.69435660276064,7) (12.69435660276064,4) (16.33989430469099,4) (16.33989430469099,0) (18.44955475737541,0) (18.44955475737541,1)
[34]: (2.233748911807545,1) (2.233748911807545,0) (4.037578265619052,0) (4.037578265619052,2) (5.757379542526282,2) (5.757379542526282,6) (6.800602347248411,6) (6.800602347248411,3)
[35]: (2.617955286038693,3) (2.617955286038693,0) (3.916111547777085,0) (3.916111547777085,7) (11.91611154777708,7) (11.91611154777708,4) (14.08544313716938,4) (14.31062472562296,0) (14.31062472562296,7) (22.31062472562296,7) (22.31062472562296,4) (26.07817539869714,4) (26.23048297922876,0) (26.23048297922876,2) (26.78331507769446,2) (26.78331507769446,6) (27.82953412897756,6) (27.82953412897756,3)
[36]: (2.28614041653793,3) (2.28614041653793,0) (3.46656790826866,0) (3.46656790826866,2) (6.46656790826866,2) (6.46656790826866,5) (8.987847097662996,5) (8.987847097662996,0) (9.40374391604937,0) (9.40374391604937,7) (17.40374391604937,7) (17.40374391604937,4) (19.4388427562748,4) (19.4388427562748,0) (20.55611490165806,0) (20.55611490165806,2) (22.82114499613177,2) (22.82114499613177,6) (24.66239113290613,6) (24.66239113290613,3)
[37]: (3.296545164186377,3) (3.296545164186377,0) (4.3383734677968,0) (4.3383734677968,2) (7.3383734677968,2) (7.3383734677968,5) (11.30069411723164,5) (11.30069411723164,0) (11.96488248039273,0) (11.96488248039273,2) (14.59712998152203,2) (14.59712998152203,6) (16.18829913710635,6) (16.18829913710635,3)
[38]: (2.585225721647777,3) (2.585225721647777,0) (3.232865685353564,0) (3.232865685353564,1)
[39]: (3.450794598622684,1) (3.450794598622684,0) (3.748452590047471,0) (3.748452590047471,1)
[40]: (3.886862878578826,1) (3.886862878578826,0) (5.72656705052818,0) (5.72656705052818,2) (8.72656705052818,2) (8.72656705052818,5) (11.54450599735946,5) (11.54450599735946,0) (12.57638481189318,0) (12.57638481189318,1)
[41]: (3.196050282521165,1) (3.196050282521165,0) (4.628153603728462,0) (4.628153603728462,2) (5.251177619533302,2) (5.251177619533302,6) (7.197642532607334,6) (7.197642532607334,3)
[42]: (3.559070668482173,3) (3.559070668482173,0) (6.826104037426182,0) (6.826104037426182,1)
[43]: (3.318556227391098,1) (3.318556227391098,0) (3.906112016247162,0) (3.906112016247162,1)
[44]: (3.0035530781655,1) (3.0035530781655,0) (5.263314806127202,0) (5.263314806127202,1)
[45]: (2.380768324850026,1) (2.380768324850026,0) (2.867625553941831,0) (2.867625553941831,2) (4.418082792733839,2) (4.418082792733839,6) (5.651245252407633,6) (5.651245252407633,3)
[46]: (2.63616598735484,3) (2.63616598735484,0) (3.627523546188846,0) (3.627523546188846,2) (6.627523546188845,2) (6.627523546188845,5) (9.126585819615439,5) (9.126585819615439,0) (14.86761872241642,0) (14.86761872241642,1)
[47]: (2.383237501587997,1) (2.437025909430151,0) (2.437025909430151,7) (10.43702590943015,7) (10.43702590943015,4) (14.35363375276549,4) (14.35363375276549,0) (19.02822490025329,0) (19.02822490025329,2) (20.65491325440664,2) (20.65491325440664,6) (22.31228947385102,6) (22.31228947385102,3)
[48]: (3.975315625380905,3) (3.975315625380905,0) (4.32683497510939,0) (4.32683497510939,2) (7.32683497510939,2) (7.32683497510939,5) (10.13229199622988,5) (10.13229199622988,0) (11.83412404696219,0) (11.83412404696219,2) (14.83412404696219,2) (14.83412404696219,5) (16.90564883246844,5) (16.90564883246844,0) (18.27511236542177,0) (18.27511236542177,1)
[49]: (3.626981813909051,1) (3.690766520602545,0) (3.690766520602545,7) (11.69076652060255,7) (11.69076652060255,4) (13.83460744994287,4) (13.83460744994287,0) (14.71249296720008,0) (14.71249296720008,2) (17.41632260391262,2) (17.41632260391262,6) (18.78880912813839,6) (18.78880912813839,3)
[50]: (3.916272893024614,3) (3.916272893024614,0) (6.714898145702703,0) (6.714898145702703,1)
[51]: (2.551832895403416,1) (2.551832895403416,0) (3.112288503249645,0) (3.112288503249645,1)
[52]: (3.112241970493254,1) (3.112241970493254,0) (3.376377604797872,0) (3.376377604797872,7) (11.37637760479787,7) (11.37637760479787,4) (15.18394409668714,4) (15.27478130919673,0) (15.27478130919673,1)
[53]: (2.987563628996132,1) (2.987563628996132,0) (3.539458879863361,0) (3.595794560466327,2) (3.595794560466327,6) (5.086038627004967,6) (5.086038627004967,3)
[54]: (2.635495613730064,3) (2.635495613730064,0) (3.336398553693091,0) (3.336398553693091,1)
[55]: (2.924855559244746,1) (2.924855559244746,0) (3.924481218300098,0) (3.924481218300098,1)
[56]: (2.852628900640354,1) (2.852628900640354,0) (3.610769705890632,0) (3.610769705890632,2) (6.610769705890632,2) (6.610769705890632,5) (10.16192224473211,5) (10.16192224473211,0) (12.79615908078066,0) (12.79615908078066,7) (20.79615908078066,7) (20.79615908078066,4) (22.9087527584968,4) (22.9087527584968,0) (24.48273953030935,0) (24.48273953030935,2) (27.35230813827868,2) (27.35230813827868,6) (28.82372968653543,6) (28.82372968653543,3)
[57]: (2.95231079155603,3) (2.95231079155603,0) (4.217488879302769,0) (4.217488879302769,1)
[58]: (2.672587490733172,1) (2.713634697829753,0) (2.713634697829753,2) (3.680872912245384,2) (3.680872912245384,6) (4.695983594609124,6) (4.695983594609124,3)
[59]: (3.706855542839964,3) (3.914515059922474,0) (3.914515059922474,2) (6.914515059922475,2) (6.914515059922475,5) (10.43520931549765,5) (10.43520931549765,0) (12.08954982120571,0) (12.08954982120571,2) (14.02622202091811,2) (14.02622202091811,6) (15.82644887238426,6) (15.82644887238426,3)
[60]: (3.958266678929176,3) (3.958266678929176,0) (5.328997556176432,0) (5.328997556176432,7) (13.32899755617643,7) (13.32899755617643,4) (16.9137096280528,4) (16.93090421265664,0) (16.93090421265664,7) (24.93090421265664,7) (24.93090421265664,4) (28.90621988049653,4) (28.90621988049653,0) (29.28332764745369,0) (29.28332764745369,7) (37.28332764745369,7) (37.28332764745369,4) (40.52117639775324,4) (40.52117639775324,0) (41.25176435186719,0) (41.25176435186719,7) (49.25176435186719,7) (49.25176435186719,4) (51.52918294880904,4) (51.52918294880904,0) (52.05065428921136,0) (52.05065428921136,2) (54.10908147171846,2) (54.10908147171846,6) (55.84880573911855,6) (55.84880573911855,3)
[61]: (2.906033522767067,3) (3.015731503314385,0) (3.015731503314385,1)
[62]: (2.891499669380503,1) (2.891499669380503,0) (3.321039465587701,0) (3.321039465587701,7) (11.3210394655877,7) (11.3210394655877,4) (14.0051473091614,4) (14.0051473091614,0) (15.76446002289683,0) (15.76446002289683,1)
[63]: (3.29821622293261,1) (3.29821622293261,0) (4.293759718365076,0) (4.293759718365076,2) (7.293759718365076,2) (7.293759718365076,5) (10.53129466378876,5) (10.53129466378876,0) (12.00877915016241,0) (12.00877915016241,2) (15.00877915016241,2) (15.00877915016241,5) (18.236956989211,5) (18.236956989211,0) (20.05833564554402,0) (20.05833564554402,2) (23.05833564554402,2) (23.05833564554402,5) (26.03884791022965,5) (26.15220402619392,0) (26.15220402619392,2) (29.06171088135961,2) (29.06171088135961,6) (30.56972167067068,6) (30.56972167067068,3)
[64]: (3.074519112533274,3) (3.074519112533274,0) (4.233993439241355,0) (4.233993439241355,2) (7.233993439241355,2) (7.233993439241355,5) (9.284392289068748,5) (9.284392289068748,0) (9.959874345023154,0) (9.959874345023154,2) (11.67434217518232,2) (11.67434217518232,6) (12.83937325260398,6) (12.83937325260398,3)
[65]: (2.158144664674521,3) (2.158144664674521,0) (3.332882354149644,0) (3.332882354149644,2) (6.186260859797333,2) (6.186260859797333,6) (7.766969833378558,6) (7.766969833378558,3)
[66]: (3.158918700194262,3) (3.322910538313146,0) (3.322910538313146,2) (4.533598246352145,2) (4.533598246352145,6) (5.627898293694209,6) (5.627898293694209,3)
[67]: (2.243086550465954,3) (2.413268898390313,0) (2.656874048616929,2) (2.656874048616929,6) (3.858649088281889,6) (3.858649088281889,3)
[68]: (2.778150850273336,3) (2.778150850273336,0) (3.075517864611323,0) (3.075517864611323,1)
[69]: (3.333358825564749,1) (3.333358825564749,0) (4.823554301961162,0) (4.823554301961162,1)
[70]: (3.604160775653056,1) (3.604160775653056,0) (7.957586930059003,0) (7.957586930059003,2) (10.957586930059,2) (10.957586930059,5) (13.31833147842206,5) (13.50770804996372,0) (13.50770804996372,1)
[71]: (2.086842731028457,1) (2.086842731028457,0) (4.687178344594058,0) (4.687178344594058,7) (12.68717834459406,7) (12.68717834459406,4) (14.76990484725413,4) (14.76990484725413,0) (15.38520953800107,0) (15.38520953800107,2) (18.00129019736841,2) (18.00129019736841,6) (19.79729696956035,6) (19.79729696956035,3)
[72]: (2.651957474051177,3) (2.651957474051177,0) (7.389805613266954,0) (7.389805613266954,2) (10.38980561326695,2) (10.38980561326695,5) (12.83606489372203,5) (12.83606489372203,0) (13.62711280723986,0) (13.62711280723986,2) (16.62711280723986,2) (16.62711280723986,5) (19.11073834852662,5) (19.11073834852662,0) (19.5080563660219,0) (19.5080563660219,7) (27.5080563660219,7) (27.5080563660219,4) (30.85126413827365,4) (30.94672127263686,0) (30.94672127263686,7) (38.94672127263686,7) (38.94672127263686,4) (42.4264358127717,4) (42.4264358127717,0) (45.36458314737828,0) (45.36458314737828,7) (53.36458314737828,7) (53.36458314737828,4) (56.71527069156386,4) (56.90673574740048,0) (56.90673574740048,1)
[73]: (2.409027086339151,1) (2.409027086339151,0) (3.082410702252633,0) (3.082410702252633,1)
[74]: (3.418176998753232,1) (3.418176998753232,0) (12.32009023382736,0) (12.32009023382736,2) (15.32009023382736,2) (15.32009023382736,5) (19.1147301475328,5) (19.1147301475328,0) (19.55811652495224,0) (19.55811652495224,7) (27.55811652495225,7) (27.55811652495225,4) (30.27821713102163,4) (30.27821713102163,0) (30.76171987301181,0) (30.76171987301181,2) (33.76171987301181,2) (33.76171987301181,5) (36.0906929419853,5) (36.0906929419853,0) (38.84324452877437,0) (38.84324452877437,2) (39.67741371082674,2) (39.67741371082674,6) (40.845195560248,6) (40.845195560248,3)
[75]: (2.623796937889625,3) (2.623796937889625,0) (4.468151480665647,0) (4.468151480665647,7) (12.46815148066565,7) (12.46815148066565,4) (15.66989494999401,4) (15.91695551026637,0) (15.91695551026637,2) (17.1243102133793,2) (17.1243102133793,6) (18.95035987235801,6) (18.95035987235801,3)
[76]: (3.07340182741847,3) (3.07340182741847,0) (3.66965221817649,0) (3.66965221817649,2) (6.66965221817649,2) (6.66965221817649,5) (9.296382194980616,5) (9.296382194980616,0) (9.900450305289574,0) (9.900450305289574,7) (17.90045030528957,7) (17.90045030528957,4) (21.28429079839811,4) (21.28429079839811,0) (22.99865886723934,0) (22.99865886723934,2) (25.42069625176191,2) (25.42069625176191,6) (26.47243006528849,6) (26.47243006528849,3)
[77]: (3.215462454355574,3) (3.215462454355574,0) (3.490855327565908,0) (3.490855327565908,2) (6.490855327565908,2) (6.490855327565908,5) (9.110113004767836,5) (9.110113004767836,0) (9.828169509199535,0) (9.828169509199535,1)
[78]: (3.443911698011947,1) (3.443911698011947,0) (5.447391235235473,0) (5.447391235235473,7) (13.44739123523547,7) (13.44739123523547,4) (16.62005327365581,4) (16.62005327365581,0) (17.65573309284696,0) (17.65573309284696,2) (20.65573309284696,2) (20.65573309284696,5) (22.9110859925128,5) (22.9110859925128,0) (23.42412791987998,0) (23.42412791987998,7) (31.42412791987998,7) (31.42412791987998,4) (34.89965138700041,4) (34.89965138700041,0) (37.96635171942692,0) (37.96635171942692,2) (40.96635171942692,2) (40.96635171942692,5) (43.58951543605697,5) (43.58951543605697,0) (44.29421746075146,0) (44.29421746075146,7) (52.29421746075146,7) (52.29421746075146,4) (56.07871857754711,4) (56.07871857754711,0) (57.48270004607083,0) (57.48270004607083,2) (58.98322257841571,2) (58.98322257841571,6) (60.56556746269811,6) (60.56556746269811,3)
[79]: (3.777461841787623,3) (3.913161375232875,0) (3.913161375232875,1)
[80]: (2.70210809888805,1) (2.70210809888805,0) (3.294528221882087,0) (3.294528221882087,2) (6.294528221882087,2) (6.294528221882087,5) (8.672436935579135,5) (8.672436935579135,0) (9.814719341989038,0) (9.814719341989038,2) (10.55455395607883,2) (10.55455395607883,6) (11.68963426167434,6) (11.68963426167434,3)
[81]: (2.361508311857089,3) (2.361508311857089,0) (3.569686304713761,0) (3.569686304713761,2) (6.569686304713761,2) (6.569686304713761,5) (9.8142225789151,5) (9.8142225789151,0) (10.21193345771954,0) (10.21193345771954,2) (13.21193345771954,2) (13.21193345771954,5) (15.89831894894466,5) (15.89831894894466,0) (17.80790620453605,0) (17.80790620453605,7) (25.80790620453605,7) (25.80790620453605,4) (27.94388883094225,4) (27.94388883094225,0) (28.22399527303384,0) (28.22399527303384,2) (31.22399527303384,2) (31.22399527303384,5) (34.34772185176024,5) (34.34772185176024,0) (34.91667105830548,0) (34.91667105830548,7) (42.91667105830547,7) (42.91667105830547,4) (45.39450874297597,4) (45.39450874297597,0) (46.03877784558695,0) (46.03877784558695,2) (49.03877784558695,2) (49.03877784558695,5) (52.62722031732454,5) (52.62722031732454,0) (53.08263596842299,0) (53.08263596842299,2) (55.37070716512265,2) (55.37070716512265,6) (56.94107783574233,6) (56.94107783574233,3)
[82]: (3.941099086273984,3) (3.941099086273984,0) (6.173273852394732,0) (6.173273852394732,2) (9.173273852394733,2) (9.173273852394733,5) (12.56630195801527,5) (12.66130481324661,0) (12.66130481324661,1)
[83]: (2.171805053266513,1) (2.171805053266513,0) (5.280377871281424,0) (5.280377871281424,7) (13.28037787128142,7) (13.28037787128142,4) (17.08407858531843,4) (17.08407858531843,0) (17.73195215612736,0) (17.73195215612736,7) (25.73195215612736,7) (25.73195215612736,4) (27.87306319751469,4) (27.87306319751469,0) (28.58462260408964,0) (28.58462260408964,2) (31.58462260408964,2) (31.58462260408964,5) (34.46428094199766,5) (34.46428094199766,0) (35.44214490539961,0) (35.44214490539961,1)
[84]: (2.35392168875673,1) (2.35392168875673,0) (4.852097163864491,0) (4.852097163864491,2) (5.370340151049641,2) (5.370340151049641,6) (7.312040287542498,6) (7.312040287542498,3)
[85]: (2.456731350488544,3) (2.456731350488544,0) (3.085660524210661,0) (3.085660524210661,2) (6.085660524210661,2) (6.085660524210661,5) (9.368923086543568,5) (9.368923086543568,0) (9.874336564644533,0) (10.09352965051016,2) (10.09352965051016,6) (12.09186833043013,6) (12.09186833043013,3)
[86]: (2.558060504223413,3) (2.558060504223413,0) (3.929594772790091,0) (3.929594772790091,7) (11.92959477279009,7) (11.92959477279009,4) (15.61547362918733,4) (15.61547362918733,0) (17.00317928033457,0) (17.00317928033457,1)
[87]: (2.207556460528418,1) (2.207556460528418,0) (3.0822039468029,0) (3.0822039468029,2) (5.888035927419281,2) (5.888035927419281,6) (7.059976437689887,6) (7.059976437689887,3)
[88]: (2.930687842705466,3) (2.968784463724101,0) (2.968784463724101,1)
[89]: (2.143986634210472,1) (2.143986634210472,0) (3.263664417197237,0) (3.263664417197237,2) (6.263664417197237,2) (6.263664417197237,5) (8.473079481538655,5) (8.473079481538655,0) (8.840481271047191,0) (9.062498449878934,2) (9.062498449878934,6) (10.3002151798101,6) (10.3002151798101,3)
[90]: (3.768951434037327,3) (3.768951434037327,0) (5.703772991352388,0) (5.703772991352388,7) (13.70377299135239,7) (13.70377299135239,4) (16.86639523320973,4) (17.01079926333481,0) (17.01079926333481,1)
[91]: (2.720027918035187,1) (2.818915780442137,0) (2.818915780442137,2) (5.818915780442137,2) (5.818915780442137,5) (8.648189411452334,5) (8.648189411452334,0) (10.31212440296114,0) (10.31212440296114,1)
[92]: (2.994800447665761,1) (2.994800447665761,0) (3.963977951450921,0) (3.963977951450921,1)
[93]: (3.982332312103583,1) (4.193179596288013,0) (4.193179596288013,1)
[94]: (2.590702123418899,1) (2.590702123418899,0) (4.424411758821075,0) (4.424411758821075,1)
[95]: (2.116264415099535,1) (2.116264415099535,0) (3.738238205918581,0) (3.738238205918581,1)
[96]: (3.147661037218091,1) (3.147661037218091,0) (4.347706756341429,0) (4.347706756341429,2) (7.347706756341429,2) (7.347706756341429,5) (10.14925574538169,5) (10.14925574538169,0) (11.53734669862988,0) (11.53734669862988,2) (12.3711456879005,2) (12.3711456879005,6) (13.81432166616429,6) (13.81432166616429,3)
[97]: (3.439383766277332,3) (3.439383766277332,0) (3.719119775026405,0) (3.719119775026405,2) (6.719119775026405,2) (6.719119775026405,5) (10.54732744414694,5) (10.54732744414694,0) (13.11324150715,0) (13.11324150715,2) (16.11324150715,2) (16.11324150715,5) (19.30454615058538,5) (19.30454615058538,0) (19.88330370257372,0) (19.88330370257372,1)
[98]: (2.143027153911762,1) (2.143027153911762,0) (3.14808517024352,0) (3.14808517024352,1)
[99]: (2.831173152966044,1) (2.831173152966044,0) (3.789390538623551,0) (3.789390538623551,7) (11.78939053862355,7) (11.78939053862355,4) (14.15908442766396,4) (14.15908442766396,0) (14.72914842856963,0) (14.72914842856963,7) (22.72914842856963,7) (22.72914842856963,4) (25.77515385101505,4) (25.77515385101505,0) (26.96062986315745,0) (26.96062986315745,7) (34.96062986315745,7) (34.96062986315745,4) (37.18336857211524,4) (37.18336857211524,0) (37.48621802530879,0) (37.48621802530879,7) (45.48621802530879,7) (45.48621802530879,4) (49.40453280286564,4) (49.40453280286564,0) (49.66002758311073,0) (49.66002758311073,2) (52.66002758311073,2) (52.66002758311073,5) (56.39721776598061,5) (56.39721776598061,0) (58.01285146012123,0) (58.01285146012123,2) (61.01285146012123,2) (61.01285146012123,5) (64.71470531305916,5) (64.71470531305916,0) (65.33240465605211,0) (65.33240465605211,1)
[100]: (2.220229216854975,1) (2.220229216854975,0) (3.552394250815827,0) (3.552394250815827,7) (11.55239425081583,7) (11.55239425081583,4) (13.62980721306208,4) (13.84729847497406,0) (13.84729847497406,1)
c1:
[0]: (0,0) (2.33979845969218,0) (2.33979845969218,8) (3.342411913849746,8) (3.342411913849746,10) (6.104293486345323,10) (6.104293486345323,14) (7.972298631305229,14) (7.972298631305229,11)
[1]: (3.587746808630114,11) (3.587746808630114,8) (3.842336115687254,8) (3.842336115687254,10) (6.842336115687255,10) (6.842336115687255,13) (10.57165267983891,13) (10.78820716487156,8) (10.78820716487156,9)
[2]: (3.52097590056314,9) (3.52097590056314,8) (4.423665135070488,8) (4.423665135070488,15) (12.42366513507049,15) (12.42366513507049,12) (15.74151263838767,12) (15.88610698176607,8) (15.88610698176607,10) (17.98073211658988,10) (17.98073211658988,14) (19.94378334340563,14) (19.94378334340563,11)
[3]: (3.81777241650227,11) (3.81777241650227,8) (5.858896509238194,8) (5.858896509238194,15) (13.85889650923819,15) (13.85889650923819,12) (16.14258319201786,12) (16.14258319201786,8) (17.02441320848419,8) (17.02441320848419,10) (20.02441320848419,10) (20.02441320848419,13) (22.42008051459906,13) (22.55405847016897,8) (22.55405847016897,10) (24.97664734271283,10) (24.97664734271283,14) (26.94061435386672,14) (26.94061435386672,11)
[4]: (2.371975747078014,11) (2.371975747078014,8) (2.655048713663708,8) (2.655048713663708,10) (4.832886408078271,10) (4.832886408078271,14) (6.731660824099484,14) (6.731660824099484,11)
[5]: (3.187846922266702,11) (3.28045133034204,8) (3.28045133034204,15) (11.28045133034204,15) (11.28045133034204,12) (14.46991344096018,12) (14.46991344096018,8) (15.84998886756185,8) (15.84998886756185,15) (23.84998886756185,15) (23.84998886756185,12) (27.45755188068856,12) (27.45755188068856,8) (28.21745056926988,8) (28.21745056926988,10) (29.73726896483147,10) (29.73726896483147,14) (31.51910391580716,14) (31.51910391580716,11)
[6]: (3.000682058035655,11) (3.000682058035655,8) (4.329517523146286,8) (4.329517523146286,10) (7.291945572214768,10) (7.291945572214768,14) (9.008824299251138,14) (9.008824299251138,11)
[7]: (2.779572698900243,11) (2.779572698900243,8) (3.034475771716418,8) (3.034475771716418,10) (4.726769621695558,10) (4.726769621695558,14) (6.202157947743497,14) (6.202157947743497,11)
[8]: (2.540280888829306,11) (2.540280888829306,8) (3.811993236624036,8) (3.811993236624036,10) (6.811993236624036,10) (6.811993236624036,13) (10.6958427853361,13) (10.6958427853361,8) (13.09263954443732,8) (13.09263954443732,15) (21.09263954443731,15) (21.09263954443731,12) (24.82262988153291,12) (24.82262988153291,8) (26.9899611236072,8) (26.9899611236072,10) (27.50354123383614,10) (27.50354123383614,14) (29.48084004414305,14) (29.48084004414305,11)
[9]: (3.70546063549811,11) (3.70546063549811,8) (4.463448283161884,8) (4.463448283161884,10) (4.936480558499333,10) (4.936480558499333,14) (6.246710169256029,14) (6.246710169256029,11)
[10]: (3.647116643629341,11) (3.871241457512987,8) (3.922375008500802,10) (3.922375008500802,14) (4.966765211175648,14) (4.966765211175648,11)
[11]: (3.822368394810835,11) (3.822368394810835,8) (8.335984817674277,8) (8.335984817674277,10) (11.33598481767428,10) (11.33598481767428,13) (14.65878631510659,13) (14.65878631510659,8) (15.22067932732337,8) (15.22067932732337,9)
[12]: (3.709302704480741,9) (3.709302704480741,8) (4.015833536726769,8) (4.015833536726769,9)
[13]: (3.191345925014569,9) (3.191345925014569,8) (4.034994619706925,8) (4.034994619706925,9)
[14]: (3.900855292430256,9) (3.900855292430256,8) (5.014178027882841,8) (5.014178027882841,10) (8.014178027882842,10) (8.014178027882842,13) (11.31759373317986,13) (11.31759373317986,8) (14.46676523504248,8) (14.46676523504248,15) (22.46676523504248,15) (22.46676523504248,12) (25.59285667408955,12) (25.59285667408955,8) (26.4704930502064,8) (26.4704930502064,15) (34.4704930502064,15) (34.4704930502064,12) (36.83605018080644,12) (36.83605018080644,8) (37.68616539659909,8) (37.68616539659909,10) (40.68616539659909,10) (40.68616539659909,13) (44.24790183636322,13) (44.24790183636322,8) (45.49004188337175,8) (45.49004188337175,10) (47.27267578044267,10) (47.27267578044267,14) (48.93221042316564,14) (48.93221042316564,11)
[15]: (3.26579156463794,11) (3.26579156463794,8) (4.131786908930935,8) (4.131786908930935,9)
[16]: (3.107277071154751,9) (3.107277071154751,8) (4.982896383697993,8) (4.982896383697993,15) (12.98289638369799,15) (12.98289638369799,12) (16.85182571176973,12) (16.85182571176973,8) (17.57078268981781,8) (17.57078268981781,15) (25.57078268981781,15) (25.57078268981781,12) (29.34227980300274,12) (29.34227980300274,8) (33.53689916340156,8) (33.53689916340156,15) (41.53689916340156,15) (41.53689916340156,12) (45.34331466424054,12) (45.34331466424054,8) (46.12644688823139,8) (46.12644688823139,15) (54.12644688823139,15) (54.12644688823139,12) (57.23466459255926,12) (57.23466459255926,8) (59.11305981447423,8) (59.11305981447423,15) (67.11305981447423,15) (67.11305981447423,12) (69.72693136966936,12) (69.75862829824632,8) (69.75862829824632,15) (77.75862829824632,15) (77.75862829824632,12) (80.74479911094913,12) (80.78321904921215,8) (80.78321904921215,10) (83.59540971695378,10) (83.59540971695378,14) (85.0614872019066,14) (85.0614872019066,11)
[17]: (2.27452350929563,11) (2.27452350929563,8) (2.996792807357753,8) (2.996792807357753,10) (5.996792807357753,10) (5.996792807357753,13) (9.77716565275397,13) (9.77716565275397,8) (10.61597872327328,8) (10.61597872327328,10) (13.61597872327328,10) (13.61597872327328,13) (17.46926542988202,13) (17.46926542988202,8) (20.59134569514418,8) (20.59134569514418,15) (28.59134569514418,15) (28.59134569514418,12) (31.9411549053773,12) (31.9411549053773,8) (34.7307843121299,8) (34.7307843121299,9)
[18]: (3.665516541094107,9) (3.665516541094107,8) (4.302760836633936,8) (4.302760836633936,10) (7.302760836633936,10) (7.302760836633936,13) (9.484645759853667,13) (9.61538092604453,8) (9.61538092604453,10) (11.75941917961397,10) (11.75941917961397,14) (13.2101700456333,14) (13.2101700456333,11)
[19]: (2.368626576222401,11) (2.368626576222401,8) (3.091273629257119,8) (3.091273629257119,15) (11.09127362925712,15) (11.09127362925712,12) (13.56505103100715,12) (13.66689701102716,8) (13.66689701102716,9)
[20]: (3.517882390552735,9) (3.517882390552735,8) (3.832640682489453,8) (3.832640682489453,10) (4.808440470460636,10) (4.808440470460636,14) (6.384741030008602,14) (6.384741030008602,11)
[21]: (2.680337087638481,11) (2.680337087638481,8) (4.060700224816078,8) (4.060700224816078,9)
[22]: (3.637445290688829,9) (3.651795022771879,8) (3.651795022771879,10) (5.597328265262157,10) (5.597328265262157,14) (7.30585213827105,14) (7.30585213827105,11)
[23]: (2.749870784346372,11) (2.898650731529008,8) (2.898650731529008,9)
[24]: (2.775149176188531,9) (2.775149176188531,8) (3.538556222504382,8) (3.538556222504382,9)
[25]: (2.883209379922145,9) (3.108905533058819,8) (3.108905533058819,9)
[26]: (2.191015866051677,9) (2.191015866051677,8) (3.264203246412622,8) (3.264203246412622,15) (11.26420324641262,15) (11.26420324641262,12) (13.34366457859079,12) (13.34366457859079,8) (15.51651894190632,8) (15.51651894190632,9)
[27]: (2.329102056261434,9) (2.329102056261434,8) (4.523802409182701,8) (4.523802409182701,10) (5.526551064059412,10) (5.526551064059412,14) (6.863940045286933,14) (6.863940045286933,11)
[28]: (3.516072419593508,11) (3.516072419593508,8) (4.35018482149518,8) (4.35018482149518,10) (6.010864561591866,10) (6.010864561591866,14) (7.64182719923256,14) (7.64182719923256,11)
[29]: (3.328632809569087,11) (3.328632809569087,8) (6.44611605473118,8) (6.44611605473118,9)
[30]: (2.274377765769318,9) (2.274377765769318,8) (2.532179830126319,8) (2.532179830126319,10) (5.532179830126319,10) (5.532179830126319,13) (8.383482478946922,13) (8.383482478946922,8) (10.19980892192105,8) (10.19980892192105,10) (11.01717179817427,10) (11.01717179817427,14) (12.22165948245244,14) (12.22165948245244,11)
[31]: (2.445509673821601,11) (2.445509673821601,8) (4.256582298544673,8) (4.256582298544673,9)
[32]: (2.270298977323222,9) (2.270298977323222,8) (3.015086545627503,8) (3.015086545627503,10) (6.015086545627502,10) (6.015086545627502,13) (8.84225697669728,13) (8.84225697669728,8) (9.151261667579472,8) (9.151261667579472,15) (17.15126166757947,15) (17.15126166757947,12) (19.59074795386552,12) (19.59074795386552,8) (20.13089313833449,8) (20.13089313833449,15) (28.13089313833449,15) (28.13089313833449,12) (30.88624697673332,12) (31.03790739104379,8) (31.03790739104379,9)
[33]: (3.450504397129362,9) (3.450504397129362,8) (6.023434989283194,8) (6.023434989283194,15) (14.02343498928319,15) (14.02343498928319,12) (17.76513460137418,12) (17.76513460137418,8) (18.66490936592448,8) (18.66490936592448,15) (26.66490936592448,15) (26.66490936592448,12) (30.07871094368664,12) (30.07871094368664,8) (30.72109850449735,8) (30.72109850449735,15) (38.72109850449735,15) (38.72109850449735,12) (41.95171162381664,12) (41.97954009555907,8) (41.97954009555907,10) (44.97954009555907,10) (44.97954009555907,13) (48.80555421707605,13) (48.80555421707605,8) (49.49037565404326,8) (49.49037565404326,9)
[34]: (2.046511106242599,9) (2.046511106242599,8) (2.541619904584499,8) (2.541619904584499,15) (10.5416199045845,15) (10.5416199045845,12) (14.27968212164801,12) (14.27968212164801,8) (14.89637933923654,8) (14.89637933923654,10) (17.89637933923654,10) (17.89637933923654,13) (21.65626017423099,13) (21.65626017423099,8) (22.07002978587885,8) (22.07002978587885,10) (23.5975110094293,10) (23.5975110094293,14) (25.52139948508211,14) (25.52139948508211,11)
[35]: (2.071209850126165,11) (2.257510281048601,8) (2.257510281048601,10) (5.2575102810486,10) (5.2575102810486,13) (9.008324488812296,13) (9.008324488812296,8) (9.998325161419171,8) (9.998325161419171,9)
[36]: (2.494426996431976,9) (2.494426996431976,8) (3.193785561749086,8) (3.193785561749086,10) (5.893165601447031,10) (5.893165601447031,14) (6.947196646721319,14) (6.947196646721319,11)
[37]: (3.089228767128571,11) (3.089228767128571,8) (3.515878075496386,8) (3.515878075496386,10) (5.370930211630554,10) (5.370930211630554,14) (7.347696000866772,14) (7.347696000866772,11)
[38]: (2.24837404360537,11) (2.493259842636429,8) (2.493259842636429,9)
[39]: (3.966728878951339,9) (3.979906530066124,8) (3.979906530066124,10) (5.940367400200095,10) (5.940367400200095,14) (7.222136342987365,14) (7.222136342987365,11)
[40]: (3.437453203069349,11) (3.437453203069349,8) (3.740652032003402,8) (3.740652032003402,15) (11.7406520320034,15) (11.7406520320034,12) (14.03103805059617,12) (14.25250292153002,8) (14.25250292153002,10) (17.25250292153002,10) (17.25250292153002,13) (20.29935358732646,13) (20.29935358732646,8) (20.60147954149522,8) (20.60147954149522,10) (21.84815701026977,10) (21.84815701026977,14) (22.88545158179002,14) (22.88545158179002,11)
[41]: (2.152564418110604,11) (2.152564418110604,8) (2.959383927765222,8) (2.959383927765222,15) (10.95938392776522,15) (10.95938392776522,12) (13.81136570864052,12) (13.81136570864052,8) (21.13416076273674,8) (21.13416076273674,10) (24.13416076273674,10) (24.13416076273674,13) (26.19036290886864,13) (26.19036290886864,8) (27.43420818147833,8) (27.43420818147833,9)
[42]: (2.501238483382811,9) (2.501238483382811,8) (3.481931973200385,8) (3.481931973200385,15) (11.48193197320039,15) (11.48193197320039,12) (14.45259837783351,12) (14.45259837783351,8) (19.3464550709409,8) (19.3464550709409,15) (27.3464550709409,15) (27.3464550709409,12) (29.88991361221615,12) (29.88991361221615,8) (30.6641307128974,8) (30.6641307128974,9)
[43]: (2.693887734329222,9) (2.693887734329222,8) (3.975015002811082,8) (3.975015002811082,9)
[44]: (3.58994857626739,9) (3.58994857626739,8) (4.980106614895426,8) (4.980106614895426,15) (12.98010661489543,15) (12.98010661489543,12) (16.11106321510321,12) (16.11106321510321,8) (16.55871671929087,8) (16.55871671929087,9)
[45]: (3.708673615433275,9) (3.708673615433275,8) (6.668915899069156,8) (6.668915899069156,10) (9.668915899069155,10) (9.668915899069155,13) (12.91093100217368,13) (12.91093100217368,8) (14.13386217709375,8) (14.13386217709375,9)
[46]: (3.181764367403782,9) (3.220522947754189,8) (3.358090701150113,10) (3.358090701150113,14) (4.381218646289997,14) (4.381218646289997,11)
[47]: (2.230675148654267,11) (2.230675148654267,8) (2.624171739401996,8) (2.624171739401996,15) (10.62417173940199,15) (10.62417173940199,12) (13.37984559100851,12) (13.47906028612748,8) (13.47906028612748,10) (16.47906028612748,10) (16.47906028612748,13) (18.71502436491289,13) (18.71502436491289,8) (20.99362158847178,8) (20.99362158847178,15) (28.99362158847178,15) (28.99362158847178,12) (32.76340904667155,12) (32.76340904667155,8) (34.37429994449855,8) (34.37429994449855,9)
[48]: (3.576578740388159,9) (3.756884754342432,8) (3.756884754342432,9)
[49]: (3.859549706914553,9) (3.859549706914553,8) (5.250932063116453,8) (5.250932063116453,10) (7.16399924660359,10) (7.16399924660359,14) (8.640644891349043,14) (8.640644891349043,11)
[50]: (3.242790877147767,11) (3.242790877147767,8) (3.867010096281366,8) (3.867010096281366,9)
[51]: (3.234402790465073,9) (3.329972633077304,8) (3.329972633077304,10) (4.325337161016729,10) (4.325337161016729,14) (5.889640778810341,14) (5.889640778810341,11)
[52]: (2.567778443787908,11) (2.743725174552858,8) (2.743725174552858,9)
[53]: (3.867528156973096,9) (3.867528156973096,8) (4.438180063475619,8) (4.438180063475619,15) (12.43818006347562,15) (12.43818006347562,12) (15.28631445743624,12) (15.28631445743624,8) (16.19003508184846,8) (16.19003508184846,10) (19.19003508184846,10) (19.19003508184846,13) (21.94655984434094,13) (21.94655984434094,8) (23.44520768709953,8) (23.44520768709953,15) (31.44520768709953,15) (31.44520768709953,12) (35.12748528854605,12) (35.20877229904014,8) (35.20877229904014,10) (38.20877229904014,10) (38.20877229904014,13) (40.38244934909005,13) (40.50864889315975,8) (40.50864889315975,10) (43.50864889315975,10) (43.50864889315975,13) (47.12285927144027,13) (47.12285927144027,8) (48.25835058576222,8) (48.25835058576222,15) (56.25835058576222,15) (56.25835058576222,12) (59.74972832587634,12) (59.74972832587634,8) (60.65333453730523,8) (60.65333453730523,10) (62.14129360470321,10) (62.14129360470321,14) (63.48533301104109,14) (63.48533301104109,11)
[54]: (3.36704903600843,11) (3.580136442246949,8) (3.580136442246949,15) (11.58013644224695,15) (11.58013644224695,12) (14.46368216904801,12) (14.46368216904801,8) (14.92245370106439,8) (14.92245370106439,10) (17.92245370106439,10) (17.92245370106439,13) (20.43078965079881,13) (20.43078965079881,8) (23.73096963938032,8) (23.73096963938032,9)
[55]: (3.092932355508704,9) (3.092932355508704,8) (4.685051511517158,8) (4.685051511517158,10) (7.685051511517158,10) (7.685051511517158,13) (11.53487419611202,13) (11.53487419611202,8) (12.13621441725586,8) (12.13621441725586,15) (20.13621441725586,15) (20.13621441725586,12) (22.39150271861676,12) (22.45392463691293,8) (22.45392463691293,15) (30.45392463691293,15) (30.45392463691293,12) (34.22574589201027,12) (34.2264755295171,8) (34.2264755295171,10) (37.2264755295171,10) (37.2264755295171,13) (39.4360263163726,13) (39.55883424595523,8) (39.55883424595523,10) (42.53075237566727,10) (42.53075237566727,14) (43.83621387057896,14) (43.83621387057896,11)
[56]: (2.077828722417831,11) (2.077828722417831,8) (3.16277479319375,8) (3.16277479319375,15) (11.16277479319375,15) (11.16277479319375,12) (14.6503946086189,12) (14.6503946086189,8) (15.09059555603222,8) (15.09059555603222,9)
[57]: (3.732535929055515,9) (3.732535929055515,8) (4.091216996395692,8) (4.091216996395692,15) (12.09121699639569,15) (12.09121699639569,12) (14.92799316106605,12) (14.92799316106605,8) (15.22870910121319,8) (15.22870910121319,9)
[58]: (2.832758692447712,9) (2.832758692447712,8) (4.238591180254516,8) (4.238591180254516,15) (12.23859118025452,15) (12.23859118025452,12) (15.98083546797861,12) (15.98083546797861,8) (17.16985992601836,8) (17.16985992601836,15) (25.16985992601836,15) (25.16985992601836,12) (29.13321546349398,12) (29.13321546349398,8) (30.5285238047026,8) (30.5285238047026,10) (33.5285238047026,10) (33.5285238047026,13) (37.51398942594619,13) (37.51398942594619,8) (38.18745122121508,8) (38.18745122121508,10) (39.5195584723618,10) (39.5195584723618,14) (40.68176943576423,14) (40.68176943576423,11)
[59]: (2.657393928534135,11) (2.657393928534135,8) (4.221821169255932,8) (4.221821169255932,15) (12.22182116925593,15) (12.22182116925593,12) (15.76392292090258,12) (15.76392292090258,8) (17.28054125089636,8) (17.28054125089636,15) (25.28054125089636,15) (25.28054125089636,12) (28.53828879833825,12) (28.53828879833825,8) (29.03705063423294,8) (29.03705063423294,15) (37.03705063423294,15) (37.03705063423294,12) (39.43596887985631,12) (39.43596887985631,8) (40.10992677983054,8) (40.10992677983054,10) (43.10992677983054,10) (43.10992677983054,13) (45.70276120139521,13) (45.72062258437904,8) (45.72062258437904,10) (48.72062258437904,10) (48.72062258437904,13) (50.91314362183384,13) (50.91314362183384,8) (51.4928456583477,8) (51.4928456583477,9)
[60]: (3.028799996939565,9) (3.028799996939565,8) (3.913837922075149,8) (3.913837922075149,10) (6.913837922075149,10) (6.913837922075149,13) (10.90345519542011,13) (10.90345519542011,8) (12.00350819351793,8) (12.00350819351793,10) (15.00350819351793,10) (15.00350819351793,13) (18.26352543974663,13) (18.26352543974663,8) (19.849931372531,8) (19.849931372531,15) (27.849931372531,15) (27.849931372531,12) (29.92360136368545,12) (30.01156808439126,8) (30.01156808439126,15) (38.01156808439126,15) (38.01156808439126,12) (40.65902932411567,12) (40.65902932411567,8) (42.66972241992339,8) (42.66972241992339,9)
[61]: (2.881949790740197,9) (2.881949790740197,8) (3.933826615598194,8) (3.933826615598194,10) (6.933826615598194,10) (6.933826615598194,13) (10.10416733159621,13) (10.10416733159621,8) (12.46737354039655,8) (12.46737354039655,10) (15.46737354039655,10) (15.46737354039655,13) (19.42033691569655,13) (19.42033691569655,8) (21.60989105287221,8) (21.60989105287221,10) (24.60989105287221,10) (24.60989105287221,13) (26.91284831787803,13) (26.91284831787803,8) (27.70354251827783,8) (27.70354251827783,10) (30.70354251827783,10) (30.70354251827783,13) (33.01107105018408,13) (33.01107105018408,8) (33.31829633348404,8) (33.31829633348404,10) (34.81024985968583,10) (34.81024985968583,14) (36.17730838526219,14) (36.17730838526219,11)
[62]: (3.080964705214268,11) (3.223089947999472,8) (3.223089947999472,10) (6.223089947999472,10) (6.223089947999472,13) (9.121722445022186,13) (9.195194042927692,8) (9.195194042927692,9)
[63]: (2.877616020286399,9) (2.877616020286399,8) (4.855233042096933,8) (4.975376625313548,10) (4.975376625313548,14) (6.173127550788346,14) (6.173127550788346,11)
[64]: (2.443633033180194,11) (2.443633033180194,8) (2.795022010561879,8) (2.795022010561879,10) (4.899693603994808,10) (4.899693603994808,14) (6.888764274089675,14) (6.888764274089675,11)
[65]: (3.642495954193847,11) (3.642495954193847,8) (8.011040668598765,8) (8.011040668598765,9)
[66]: (2.951330541649766,9) (2.951330541649766,8) (3.945892893304322,8) (3.945892893304322,15) (11.94589289330432,15) (11.94589289330432,12) (15.69636780188799,12) (15.69636780188799,8) (16.14533556082323,8) (16.14533556082323,10) (19.14533556082323,10) (19.14533556082323,13) (21.47191938826688,13) (21.47191938826688,8) (25.06784746688414,8) (25.06784746688414,10) (26.85077885409893,10) (26.85077885409893,14) (27.92685936782627,14) (27.92685936782627,11)
[67]: (2.15810566250314,11) (2.34021217288132,8) (2.34021217288132,10) (5.34021217288132,10) (5.34021217288132,13) (9.017113695795047,13) (9.017113695795047,8) (9.8238705072646,8) (9.8238705072646,9)
[68]: (2.223567523114111,9) (2.280387839707061,8) (2.280387839707061,10) (5.252125496575884,10) (5.252125496575884,14) (7.025080383126047,14) (7.025080383126047,11)
[69]: (2.664984494968019,11) (2.664984494968019,8) (3.479287651510571,8) (3.479287651510571,10) (6.479287651510571,10) (6.479287651510571,13) (9.031051700704824,13) (9.031051700704824,8) (10.61786291509463,8) (10.61786291509463,9)
[70]: (2.904065753818219,9) (2.904065753818219,8) (3.688956715447695,8) (3.688956715447695,15) (11.68895671544769,15) (11.68895671544769,12) (15.56608564331761,12) (15.56608564331761,8) (15.97940906154619,8) (15.97940906154619,15) (23.97940906154619,15) (23.97940906154619,12) (25.99579537965549,12) (25.99579537965549,8) (26.84248352205509,8) (26.84248352205509,10) (29.84248352205509,10) (29.84248352205509,13) (33.10667008314704,13) (33.10667008314704,8) (33.45149764678921,8) (33.45149764678921,9)
[71]: (3.602232595685809,9) (3.602232595685809,8) (3.878961501946575,8) (3.878961501946575,10) (5.726898399681743,10) (5.726898399681743,14) (7.425348279749187,14) (7.425348279749187,11)
[72]: (2.526158430475463,11) (2.663264258569977,8) (2.663264258569977,15) (10.66326425856998,15) (10.66326425856998,12) (13.32366340118909,12) (13.32366340118909,8) (14.77721151286655,8) (14.77721151286655,10) (15.20309624797029,10) (15.20309624797029,14) (17.16524666337421,14) (17.16524666337421,11)
[73]: (2.112960735573024,11) (2.124749034680666,8) (2.124749034680666,15) (10.12474903468067,15) (10.12474903468067,12) (12.12624137597622,12) (12.12624137597622,8) (12.54132263765978,8) (12.57036036169197,10) (12.57036036169197,14) (14.41773157652921,14) (14.41773157652921,11)
[74]: (2.04810303113939,11) (2.082990005849817,8) (2.082990005849817,10) (5.082990005849817,10) (5.082990005849817,13) (7.775239431433484,13) (7.785289877037792,8) (7.785289877037792,15) (15.78528987703779,15) (15.78528987703779,12) (17.92186111345005,12) (17.92186111345005,8) (18.31146958119332,8) (18.31146958119332,10) (20.03521363207669,10) (20.03521363207669,14) (21.87348381150238,14) (21.87348381150238,11)
[75]: (3.407220207564994,11) (3.407220207564994,8) (5.144067172211887,8) (5.144067172211887,10) (8.144067172211887,10) (8.144067172211887,13) (11.96083444494935,13) (12.16815989733252,8) (12.16815989733252,9)
[76]: (2.630094019681347,9) (2.723339045961817,8) (2.723339045961817,10) (5.723339045961818,10) (5.723339045961818,13) (9.304500423352762,13) (9.304500423352762,8) (9.747848856731084,8) (9.747848856731084,10) (12.74784885673109,10) (12.74784885673109,13) (14.75819738594494,13) (14.75819738594494,8) (15.03138194334147,8) (15.03138194334147,9)
[77]: (3.208563102916472,9) (3.208563102916472,8) (3.724946108051743,8) (3.724946108051743,9)
[78]: (3.699777533942693,9) (3.699777533942693,8) (5.480175633082743,8) (5.480175633082743,9)
[79]: (3.525744206851194,9) (3.525744206851194,8) (4.293800385718434,8) (4.293800385718434,9)
[80]: (2.382820197070027,9) (2.382820197070027,8) (3.99957558804705,8) (3.99957558804705,10) (6.144213460922741,10) (6.144213460922741,14) (8.099856440774865,14) (8.099856440774865,11)
[81]: (3.658439768009464,11) (3.799780176874845,8) (3.799780176874845,10) (6.799780176874844,10) (6.799780176874844,13) (10.31274307125472,13) (10.31274307125472,8) (13.16672169120544,8) (13.16672169120544,15) (21.16672169120544,15) (21.16672169120544,12) (23.19103221139375,12) (23.19103221139375,8) (24.6277514218153,8) (24.6277514218153,15) (32.6277514218153,15) (32.6277514218153,12) (36.15624992963802,12) (36.15624992963802,8) (36.74047338267488,8) (36.74047338267488,15) (44.74047338267488,15) (44.74047338267488,12) (47.39820960104223,12) (47.399605489731,8) (47.399605489731,15) (55.399605489731,15) (55.399605489731,12) (59.16143966949819,12) (59.16143966949819,8) (62.40695641787416,8) (62.47501630201529,10) (62.47501630201529,14) (63.85479568544271,14) (63.85479568544271,11)
[82]: (2.396777165156782,11) (2.396777165156782,8) (3.721553069358606,8) (3.721553069358606,15) (11.72155306935861,15) (11.72155306935861,12) (14.8714634623758,12) (14.8714634623758,8) (15.20127539786567,8) (15.20127539786567,15) (23.20127539786567,15) (23.20127539786567,12) (26.62384517241417,12) (26.62384517241417,8) (27.15807145968449,8) (27.15807145968449,10) (30.15807145968449,10) (30.15807145968449,13) (32.57898335986786,13) (32.57898335986786,8) (33.02853994801545,8) (33.02853994801545,15) (41.02853994801545,15) (41.02853994801545,12) (43.6613271403637,12) (43.6613271403637,8) (44.3226992200709,8) (44.3226992200709,10) (47.3226992200709,10) (47.3226992200709,13) (49.8729509611724,13) (49.8729509611724,8) (52.26793176710503,8) (52.26793176710503,15) (60.26793176710503,15) (60.26793176710503,12) (62.94757485749658,12) (62.94757485749658,8) (64.85681377794366,8) (64.85681377794366,10) (67.85681377794366,10) (67.85681377794366,13) (70.51827303872327,13) (70.51827303872327,8) (71.0291157352796,8) (71.0291157352796,15) (79.0291157352796,15) (79.0291157352796,12) (82.26735283891438,12) (82.26735283891438,8) (82.56446549957705,8) (82.56446549957705,15) (90.56446549957705,15) (90.56446549957705,12) (94.1070425787632,12) (94.28322523558221,8) (94.28322523558221,15) (102.2832252355822,15) (102.2832252355822,12) (104.6122943108834,12) (104.6122943108834,8) (105.4152677183506,8) (105.4152677183506,10) (107.2854652337425,10) (107.2854652337425,14) (109.2495058444881,14) (109.2495058444881,11)
[83]: (2.547735187859336,11) (2.547735187859336,8) (2.921340099513487,8) (2.921340099513487,10) (5.921340099513486,10) (5.921340099513486,13) (8.52458706419497,13) (8.52458706419497,8) (9.317766906233679,8) (9.317766906233679,9)
[84]: (3.493082439854962,9) (3.493082439854962,8) (5.419459957719125,8) (5.419459957719125,9)
[85]: (3.237177648935998,9) (3.237177648935998,8) (4.166030062339662,8) (4.166030062339662,9)
[86]: (2.601152303378488,9) (2.601152303378488,8) (2.955206600464601,8) (2.955206600464601,10) (5.827456571920814,10) (5.827456571920814,14) (7.522042081904419,14) (7.522042081904419,11)
[87]: (2.153742669599562,11) (2.208316371221137,8) (2.208316371221137,15) (10.20831637122114,15) (10.20831637122114,12) (13.4898934067752,12) (13.4898934067752,8) (14.35743199386333,8) (14.35743199386333,9)
[88]: (3.957634365836265,9) (3.957634365836265,8) (4.224049864228204,8) (4.224049864228204,10) (7.224049864228204,10) (7.224049864228204,13) (9.887176496056851,13) (10.07437944560779,8) (10.07437944560779,9)
[89]: (2.974156078299018,9) (2.974156078299018,8) (3.254781391915995,8) (3.254781391915995,9)
[90]: (3.713001807108315,9) (3.776351705242674,8) (3.909682790925515,10) (3.909682790925515,14) (5.495893147647826,14) (5.495893147647826,11)
[91]: (2.523258130153219,11) (2.523258130153219,8) (3.718986795248754,8) (3.718986795248754,10) (5.541744405648261,10) (5.541744405648261,14) (7.449887744711166,14) (7.449887744711166,11)
[92]: (3.430590837225751,11) (3.430590837225751,8) (4.140744080263786,8) (4.140744080263786,15) (12.14074408026379,15) (12.14074408026379,12) (14.61726463145242,12) (14.61726463145242,8) (15.56892821106078,8) (15.56892821106078,10) (17.82284431232659,10) (17.82284431232659,14) (19.44857646514379,14) (19.44857646514379,11)
[93]: (2.156798226408352,11) (2.156798226408352,8) (4.123790715614109,8) (4.123790715614109,15) (12.12379071561411,15) (12.12379071561411,12) (16.04907960878904,12) (16.04907960878904,8) (16.96540074250197,8) (16.96540074250197,9)
[94]: (3.163995573593234,9) (3.163995573593234,8) (3.586241217903118,8) (3.586241217903118,10) (4.013626971050842,10) (4.013626971050842,14) (5.253070621108202,14) (5.253070621108202,11)
[95]: (2.059650169278652,11) (2.059650169278652,8) (4.199175054806584,8) (4.199175054806584,10) (7.199175054806584,10) (7.199175054806584,13) (9.503216470435607,13) (9.503216470435607,8) (12.77927014087889,8) (12.77927014087889,10) (15.38293691242772,10) (15.38293691242772,14) (16.80597445550134,14) (16.80597445550134,11)
[96]: (2.948066039433938,11) (3.141512355566785,8) (3.141512355566785,9)
[97]: (2.831057121442528,9) (2.955322836436314,8) (2.955322836436314,10) (5.955322836436315,10) (5.955322836436315,13) (8.253685771321116,13) (8.253685771321116,8) (9.596432462129872,8) (9.596432462129872,15) (17.59643246212987,15) (17.59643246212987,12) (20.26745038777975,12) (20.26745038777975,8) (21.35135563201059,8) (21.35135563201059,9)
[98]: (2.226161621636363,9) (2.226161621636363,8) (3.192496464806246,8) (3.192496464806246,15) (11.19249646480625,15) (11.19249646480625,12) (14.2680302788744,12) (14.2680302788744,8) (15.43871659965789,8) (15.43871659965789,15) (23.43871659965789,15) (23.43871659965789,12) (25.61693108149352,12) (25.61693108149352,8) (26.60358455473786,8) (26.60358455473786,10) (26.98960935611767,10) (26.98960935611767,14) (28.75515215639938,14) (28.75515215639938,11)
[99]: (2.901553562254913,11) (2.901553562254913,8) (4.022877796813167,8) (4.022877796813167,10) (7.022877796813167,10) (7.022877796813167,13) (9.954882924553342,13) (9.954882924553342,8) (10.40724200179619,8) (10.40724200179619,10) (12.85262453261148,10) (12.85262453261148,14) (14.82117510435508,14) (14.82117510435508,11)
[100]: (2.508075327905928,11) (2.508075327905928,8) (2.977504902285058,8) (2.977504902285058,9)
